camera_matrix:
- - 813.398894113404
  - 0.0
  - 318.47127950200377
- - 0.0
  - 812.7265120037916
  - 239.56513963755484
- - 0.0
  - 0.0
  - 1.0
dist_coeff:
- - -0.09133057759815422
  - 0.2248885875446915
  - -1.510881481137564e-05
  - 0.0019272406479387296
  - 0.5716165226884398
